1150, 5.0
1362, 8.8
1912, 5.0
2050, 4.7
2787, 4.9
2827, 8.3
2989, 5.0
3065, 7.1
3158, 6.9
3192, 6.8
3584, 7.7
3585, 6.8
4285, 5.2
4381, 5.7
4913, 5.4
5371, 4.8
5413, 5.2
5652, 5.7
7478, 9.2
8083, 8.9
9353, 6.5
9749, 8.6
9799, 7.1
10546, 6.2
10687, 5.9
10853, 6.4
11654, 5.7
11741, 5.3
12137, 6.7
12168, 5.3
12170, 9.0
12197, 7.1
12249, 7.6
12251, 6.3
12295, 5.7
12298, 8.3
12301, 5.3
12331, 8.8
12333, 5.3
12409, 9.2
12410, 5.8
12452, 5.5
12453, 7.8
12454, 8.4
12505, 5.5
12536, 9.0
12538, 8.1
12568, 9.9
12569, 7.5
12572, 6.7
12574, 6.2
12622, 7.8
12889, 10.9
12892, 7.5
12929, 9.1
12933, 4.6
12934, 9.9
12938, 7.3
13108, 5.1
13149, 9.5
13338, 8.4
13370, 4.9
13377, 8.0
13383, 6.5
13415, 8.5
13417, 5.1
13426, 8.4
13462, 7.1
13568, 8.7
13615, 12.7
13655, 4.9
13736, 9.3
14083, 8.0
14084, 6.1
14120, 8.1
14122, 6.4
14124, 7.3
14159, 8.4
14160, 8.0
14207, 9.9
14208, 18.0
14210, 6.3
14212, 7.3
14255, 6.1
14312, 7.6
14313, 5.7
14349, 5.6
14494, 8.1
14533, 6.7
14752, 4.9
14799, 6.6
14865, 6.1
15001, 4.8
15060, 11.1
15142, 16.3
15709, 4.6
16231, 6.4
16348, 8.3
16774, 6.0
17168, 7.4
17216, 5.4
17278, 6.1
17402, 5.2
18869, 6.7
19145, 14.8
19355, 4.6
19418, 5.2
20636, 4.7
21094, 4.9
21154, 7.2
21264, 4.7
21375, 7.8
21810, 9.8
22000, 8.2
22638, 7.0
22690, 4.6
22700, 6.0
22833, 4.7
23261, 7.1
23304, 6.7
23476, 12.1
23579, 12.3
24762, 8.2
24857, 6.1
25580, 4.7
25649, 4.7
26141, 5.0
26378, 8.5
26499, 6.4
26658, 5.5
26747, 7.5
27043, 7.0
27273, 4.6
27329, 9.1
27330, 9.1
27416, 5.8
27483, 5.6
27484, 7.5
28058, 13.2
28137, 5.2
29579, 5.8
29967, 4.8
30250, 6.4
30901, 11.7
31000, 5.3
31030, 5.2
31034, 4.9
31688, 11.7
31794, 7.4
32161, 7.3
32460, 6.6
32688, 6.0
33109, 6.2
33253, 9.6
33254, 10.4
33506, 5.7
33605, 17.9
33698, 11.1
33756, 9.6
33969, 10.9
33997, 5.2
34771, 9.5
34933, 5.7
35432, 6.4
35589, 5.4
35627, 5.7
35874, 7.4
35905, 7.9
35947, 5.9
35980, 5.9
36859, 5.4
36971, 4.9
37235, 4.6
37371, 6.6
37431, 11.8
37618, 8.6
37626, 10.3
37770, 4.6
37882, 4.6
37884, 4.6
37890, 4.6
38403, 6.7
38647, 9.3
38898, 8.0
38920, 8.1
38921, 8.4
38922, 8.6
38923, 8.2
38986, 13.5
39085, 12.2
39169, 7.6
39497, 12.7
39823, 6.4
40205, 8.3
40267, 7.7
40308, 4.6
40348, 6.7
40843, 7.5
40851, 10.2
40984, 5.1
41611, 9.2
41709, 6.2
42033, 6.3
42051, 7.0
42318, 7.4
42408, 9.7
42462, 6.3
42647, 6.9
42648, 4.7
42793, 5.1
42816, 7.9
42875, 6.3
42939, 7.2
42960, 7.7
43487, 5.0
43797, 5.2
43837, 5.5
43973, 7.7
44209, 6.3
44345, 5.2
44651, 5.3
44783, 13.1
45067, 5.1
45327, 4.7
45438, 6.4
45634, 5.1
45810, 4.9
45865, 6.9
45902, 5.1
46044, 9.7
46123, 5.4
46185, 25.8
46628, 7.3
46658, 6.3
46661, 7.6
46805, 13.1
46946, 7.8
47119, 6.1
47407, 16.3
47563, 6.9
48727, 4.6
49599, 7.2
49705, 7.4
49805, 5.4
50092, 12.0
50327, 11.4
50539, 11.3
50889, 5.3
51126, 5.0
51187, 6.3
51398, 6.9
51461, 7.0
51799, 6.2
51839, 5.1
51851, 4.7
51994, 6.7
52153, 4.6
52238, 4.6
52584, 4.6
53606, 5.2
53743, 5.9
54174, 4.7
54252, 5.3
54726, 14.2
54917, 6.6
55112, 8.4
55830, 8.7
55983, 15.7
56241, 4.6
56411, 5.7
56479, 21.2
57147, 5.1
57466, 7.0
57825, 8.1
58290, 8.0
59131, 5.5
59648, 5.6
59735, 6.3
59787, 5.0
59815, 5.7
59858, 6.1
59907, 6.1
59984, 4.8
60015, 4.6
60059, 5.2
60099, 6.0
60100, 17.2
60129, 5.0
60205, 6.7
60236, 6.3
60268, 5.4
60305, 6.0
60348, 7.1
60431, 4.7
60469, 5.2
60499, 5.0
60603, 5.5
60685, 7.9
60722, 7.1
60757, 7.0
60804, 5.6
60827, 5.4
60909, 6.5
60952, 7.4
60993, 6.0
61030, 5.4
61338, 9.6
61793, 5.2
61797, 6.7
61825, 7.6
61878, 5.9
61952, 5.3
62022, 6.0
62086, 6.1
62115, 5.9
62146, 5.4
62182, 5.4
62207, 6.1
62302, 8.8
62317, 4.7
62402, 6.5
62455, 5.0
62493, 5.1
62510, 7.5
62614, 5.7
62642, 7.4
62677, 6.4
62717, 5.1
62785, 5.9
62852, 7.8
62871, 6.0
62953, 7.0
63005, 5.9
63029, 5.7
63112, 15.6
63174, 5.2
63210, 7.3
63245, 4.5
63274, 7.5
63301, 7.1
63370, 7.5
63397, 5.8
63457, 6.5
63504, 6.5
63578, 7.2
63625, 9.5
63671, 13.6
63788, 10.3
63900, 10.6
63938, 7.0
63983, 5.0
64001, 7.3
64088, 5.1
64166, 6.6
64203, 7.8
64297, 7.9
64381, 6.8
64406, 7.7
64438, 6.7
64518, 5.4
64551, 5.4
64552, 22.9
64639, 6.3
64670, 5.8
64782, 5.7
64826, 5.6
64908, 5.0
65526, 10.3
65706, 8.5
65785, 5.7
65942, 5.7
65979, 8.9
65987, 12.0
65990, 4.9
66014, 5.8
66109, 7.4
66208, 8.7
66330, 4.9
66381, 7.0
66766, 7.5
66768, 6.0
66960, 6.6
66995, 6.1
67077, 5.4
67116, 7.3
67164, 4.6
67211, 5.8
67265, 5.5
67302, 10.5
67557, 6.0
67727, 8.4
68542, 7.6
68631, 9.0
68745, 5.8
68986, 8.2
69081, 5.9
69338, 9.0
69504, 4.9
69789, 14.1
69793, 6.3
69820, 4.9
70300, 6.4
70349, 6.0
70451, 7.1
70499, 7.2
70521, 17.5
70522, 7.9
70535, 4.9
70690, 4.9
70705, 6.0
70782, 5.9
70819, 5.1
70968, 5.0
71034, 5.1
71435, 4.7
71500, 5.0
71557, 5.1
71717, 4.9
71732, 5.7
71790, 5.0
71908, 7.7
72038, 5.2
72072, 7.7
72203, 5.4
72292, 5.8
72415, 5.6
73080, 6.4
73276, 6.8
73467, 7.4
73805, 5.8
75174, 5.1
75177, 6.3
75669, 7.1
75709, 4.7
75739, 5.2
75782, 5.8
75811, 4.7
75846, 5.8
75922, 5.7
75952, 5.4
76010, 4.6
76039, 6.3
76181, 6.9
76269, 6.5
76339, 5.6
76449, 6.0
76506, 6.5
76535, 5.4
76569, 5.2
76657, 9.5
76682, 6.8
77340, 4.7
77414, 4.9
77469, 5.2
78165, 18.2
78766, 12.7
79026, 9.5
79487, 4.6
80124, 6.6
80666, 7.3
81304, 6.6
81629, 7.0
81794, 5.8
82214, 7.0
82379, 7.2
82609, 5.3
82799, 5.3
83069, 9.9
83156, 7.9
83228, 15.4
83233, 6.5
83414, 5.4
83447, 19.4
83853, 5.2
83933, 5.3
84114, 14.4
84125, 4.8
84462, 7.5
84489, 5.5
84776, 4.6
85152, 14.0
85159, 7.1
85173, 11.1
85252, 5.0
85316, 5.2
85525, 5.6
85605, 11.3
86164, 8.5
86257, 50.4
86571, 5.6
86697, 4.9
86698, 6.2
86890, 5.4
86976, 6.2
89119, 5.5
89221, 5.3
89343, 4.7
89500, 6.8
89511, 5.1
90137, 4.6
91101, 7.8
91106, 7.5
91465, 5.6
91631, 8.7
92036, 5.4
92180, 6.0
92853, 12.9
93127, 6.0
93588, 9.6
93788, 4.6
93798, 4.7
93800, 4.7
93867, 6.0
94350, 4.9
94708, 17.8
94710, 13.2
95002, 8.0
95073, 5.0
95087, 20.6
95507, 8.1
95521, 10.3
95635, 4.7
95841, 9.0
95959, 5.5
96090, 11.6
96250, 12.2
96346, 5.8
96600, 6.8
96675, 5.4
96714, 8.3
97030, 7.8
97227, 5.1
97449, 7.3
97485, 8.9
97541, 6.1
97764, 4.8
97985, 7.5
98821, 6.5
99117, 6.0
99517, 27.9
99549, 13.3
99675, 5.9
100085, 6.1
100390, 7.8
100543, 8.3
100732, 9.8
100854, 6.2
100857, 6.2
101495, 4.8
101666, 10.9
101811, 7.6
101904, 8.3
102254, 10.4
102380, 4.8
102506, 6.9
102538, 8.8
102604, 6.6
102677, 6.1
103123, 5.2
103128, 6.1
103178, 7.4
103199, 24.4
103354, 17.7
103395, 5.4
103519, 14.5
103855, 9.8
103876, 4.6
103986, 10.3
104128, 6.6
104175, 4.7
105330, 7.1
105462, 8.0
106183, 8.5
106409, 7.0
106412, 4.7
107002, 4.6
107247, 4.9
107365, 4.5
107779, 4.7
107818, 4.6
108108, 5.5
109098, 4.9
109178, 6.9
109282, 7.1
109665, 6.1
109848, 5.2
109958, 5.1
110214, 5.7
110298, 5.2
110528, 10.3
110579, 6.9
110582, 8.0
110721, 11.6
110870, 5.6
110882, 8.5
110965, 6.3
110995, 6.7
111189, 15.8
111243, 18.2
111583, 4.9
111588, 4.9
112056, 7.5
112057, 7.5
112217, 6.0
112401, 5.0
112410, 7.8
112541, 6.4
112542, 8.9
112543, 8.9
112963, 7.3
113403, 4.6
113482, 7.3
113523, 12.6
113834, 6.7
113848, 9.4
113960, 6.2
114129, 5.2
114162, 7.2
114232, 13.3
114565, 8.7
114605, 5.7
114839, 7.0
115108, 5.7
115493, 9.7
115763, 6.6
115904, 9.4
115905, 5.6
115927, 6.7
115935, 7.2
116197, 17.0
116317, 15.5
116390, 5.7
116408, 8.1
116757, 9.2
116758, 9.2
116866, 6.5
116963, 6.9
117566, 5.2
117762, 14.9
117775, 5.9
117869, 7.0
118059, 6.0
118234, 4.8
118241, 6.3
118273, 9.3
118295, 8.0
118422, 5.1
118445, 13.1
118448, 21.0
118651, 17.6
118676, 4.9
118995, 5.9
119018, 4.9
119204, 9.6
119221, 7.1
119267, 7.0
119279, 4.7
119302, 7.4
119379, 5.7
119702, 5.4
119773, 5.0
119774, 14.9
119839, 6.3
120138, 6.0
120205, 6.0
120497, 4.5
120501, 5.3
120524, 7.0
120526, 7.1
120628, 5.7
120687, 7.6
121036, 7.5
121101, 11.8
121156, 11.0
121297, 7.3
121458, 6.1
121666, 4.8
122039, 6.3
122208, 5.0
122240, 6.8
122303, 4.8
122405, 6.5
122678, 9.7
122721, 5.5
122805, 9.7
122806, 9.7
122843, 10.5
122907, 8.0
122914, 4.8
123579, 5.4
123793, 6.3
124310, 26.2
124483, 11.5
125145, 4.7
125248, 13.4
125559, 15.0
125828, 6.2
125898, 5.8
126026, 6.8
126271, 6.1
126410, 8.0
126576, 6.3
126708, 6.7
126758, 4.7
126802, 5.5
126820, 5.6
127157, 5.8
127500, 7.7
127838, 5.4
127946, 5.2
128402, 5.8
128570, 4.8
128692, 7.6
129585, 5.1
129621, 18.4
129656, 4.5
129747, 5.6
129790, 12.4
130210, 8.8
130259, 7.9
130457, 5.4
130488, 7.0
131089, 8.0
131120, 5.0
131182, 11.1
131194, 14.6
131483, 11.5
131531, 9.1
132111, 4.9
132396, 7.3
132546, 7.7
132623, 6.8
132737, 7.3
132753, 5.1
132883, 7.0
132938, 4.7
133268, 12.1
133310, 6.9
133490, 4.7
133521, 5.0
133734, 4.6
133794, 4.9
133842, 10.0
133912, 6.3
134018, 5.5
134112, 5.9
134128, 8.5
134242, 6.5
134723, 9.0
134842, 9.1
134948, 6.2
134974, 12.4
135560, 5.8
135575, 19.0
135934, 4.6
135943, 4.8
136015, 7.8
136053, 5.4
136100, 5.2
136129, 6.9
136347, 18.5
136393, 4.7
136515, 5.0
136605, 4.8
136607, 4.8
136719, 5.2
136792, 4.7
136842, 5.0
136854, 9.9
136914, 5.2
137211, 13.2
137214, 13.6
137222, 13.6
137257, 4.8
137362, 5.1
137446, 5.4
137448, 9.2
137496, 7.5
137589, 5.6
137687, 4.9
137696, 11.5
137724, 7.8
137742, 5.1
138142, 4.8
138279, 6.2
138380, 5.7
138381, 11.1
138385, 4.9
138403, 4.9
138420, 8.7
138464, 13.0
138569, 7.1
138578, 7.7
138641, 5.0
138734, 11.0
138800, 5.1
138808, 4.9
138935, 14.4
139013, 13.1
139023, 5.5
139052, 6.3
139216, 6.0
139316, 5.9
139333, 5.3
139335, 6.9
139488, 10.2
139490, 11.3
139511, 10.0
139528, 5.7
139572, 5.8
139583, 9.2
139775, 10.5
139779, 4.8
139815, 10.2
140047, 4.5
140679, 7.9
140898, 5.1
140923, 4.8
141008, 7.0
141081, 5.8
141177, 6.0
141234, 6.7
141253, 5.1
141345, 5.9
141438, 6.8
141493, 7.2
141722, 6.1
142050, 5.8
142074, 8.2
142212, 10.1
142221, 10.4
142399, 5.0
142465, 9.2
142527, 5.5
142571, 9.6
142682, 8.7
142786, 7.3
142822, 14.9
142921, 6.1
143021, 13.1
143038, 10.3
143136, 6.7
143271, 5.5
143330, 4.6
143439, 6.6
143513, 11.9
143519, 7.5
143591, 8.0
143869, 7.3
143870, 4.8
143988, 11.4
144163, 5.0
144226, 9.7
144451, 8.3
144518, 11.9
144668, 4.8
144840, 6.7
145016, 18.5
145081, 7.3
145169, 8.1
145230, 12.6
145232, 5.3
145273, 8.4
145706, 5.2
145730, 4.6
145776, 5.2
145947, 7.3
146065, 4.7
146074, 6.8
146127, 6.0
146215, 8.4
146239, 6.9
146248, 6.4
146374, 11.7
146511, 5.2
146806, 5.6
146860, 11.8
146878, 14.8
146915, 7.4
146935, 10.1
146950, 5.6
147040, 8.5
147044, 7.1
147046, 4.9
147296, 6.5
147381, 9.4
147518, 4.8
147562, 8.9
147623, 6.7
147637, 9.3
147682, 15.4
147692, 4.9
147698, 7.4
147713, 6.4
147736, 24.9
147752, 11.3
147759, 5.0
147948, 4.8
147988, 5.9
148067, 4.6
148079, 7.4
148092, 4.6
148173, 4.7
148204, 8.8
148205, 7.2
148477, 14.4
148489, 7.7
148497, 6.1
148558, 20.1
148602, 14.4
148736, 11.6
148751, 5.7
148758, 4.8
148764, 5.8
148884, 5.2
148902, 9.7
148954, 6.7
149043, 11.1
149102, 5.6
149127, 7.4
149183, 8.5
149288, 9.9
149308, 15.4
149343, 6.6
149369, 5.0
149395, 56.4
149511, 5.4
149549, 6.5
149580, 4.9
149602, 17.9
149683, 5.7
149712, 6.3
149765, 7.6
149816, 5.0
149860, 14.9
149971, 9.9
149997, 8.9
150003, 5.0
150029, 10.4
150038, 10.4
150085, 8.5
150090, 6.7
150156, 4.7
150229, 13.7
150454, 5.2
150460, 6.5
150558, 5.0
150702, 5.4
150756, 4.6
150759, 5.0
150784, 4.7
150821, 10.8
150919, 9.8
150921, 7.7
150970, 17.0
151008, 5.6
151047, 7.6
151279, 4.9
151288, 13.9
151301, 4.6
151462, 8.8
151483, 4.5
151586, 5.1
151693, 5.6
151887, 9.3
151912, 13.2
151959, 6.1
152021, 7.1
152022, 7.1
152201, 5.1
152326, 5.6
152330, 4.8
152350, 7.9
152563, 5.5
152589, 5.0
152650, 4.6
152655, 6.8
152667, 5.5
153413, 4.8
154149, 5.6
154265, 5.9
154472, 5.2
155163, 4.9
155767, 11.0
155991, 10.3
156370, 6.5
156643, 6.5
157009, 6.0
158192, 11.2
158527, 10.4
158872, 6.4
159090, 13.0
159114, 5.2
159199, 7.3
159359, 7.8
159856, 5.5
159934, 11.8
159996, 6.3
160106, 4.5
160114, 11.6
160120, 8.6
160181, 9.0
160397, 10.5
160653, 6.6
160769, 7.2
160771, 8.8
160788, 7.8
160796, 6.4
160814, 8.1
160816, 8.1
160837, 7.7
160872, 5.9
160912, 5.0
160980, 6.5
161044, 13.2
161195, 4.7
161197, 5.5
161569, 4.5
161756, 6.4
161918, 6.2
161924, 8.3
162078, 9.2
162128, 7.0
162160, 4.7
162515, 8.4
162658, 5.6
162785, 4.8
163339, 9.7
163551, 7.0
163674, 6.7
164307, 5.4
164407, 9.0
164448, 8.1
164664, 5.2
164784, 7.0
164939, 9.0
165334, 6.3
165650, 4.9
165682, 10.4
165731, 15.6
165783, 10.9
166354, 5.1
166576, 6.5
166970, 6.4
167112, 4.9
167145, 7.9
167457, 4.8
167462, 4.8
167596, 7.2
167872, 5.9
167915, 5.7
168280, 7.8
168285, 7.0
168294, 4.6
168455, 4.7
168907, 7.5
169142, 5.5
169152, 7.7
169295, 11.1
169835, 4.9
169953, 5.9
171618, 5.7
171989, 6.6
172452, 4.9
172912, 8.9
173242, 8.0
173378, 13.6
173666, 12.9
173857, 9.2
174035, 9.0
174084, 10.1
174089, 6.7
174602, 4.9
174774, 4.5
175607, 11.5
176195, 10.1
176241, 32.2
176381, 5.7
176393, 5.6
176432, 5.6
176859, 9.3
176928, 8.8
176937, 34.9
176981, 8.9
177115, 35.5
177189, 7.7
177260, 5.7
177282, 28.2
177427, 5.0
177446, 6.3
177522, 9.1
177529, 21.2
177532, 5.0
177537, 26.9
178002, 12.0
178038, 10.8
178156, 4.9
178202, 10.5
178228, 34.5
178336, 4.7
178505, 27.8
178560, 5.5
178587, 6.4
178624, 4.7
178723, 5.6
178964, 5.1
179053, 6.2
179268, 4.9
179472, 4.9
179622, 33.6
179783, 6.3
179814, 6.1
179826, 6.6
179844, 5.8
179849, 31.2
180020, 5.7
180098, 31.8
180408, 7.2
180549, 5.1
180674, 4.7
181110, 4.9
181426, 36.7
181586, 8.4
181640, 6.5
181675, 10.9
181737, 4.8
181887, 9.6
182057, 33.0
182619, 34.8
183429, 4.9
183492, 7.0
183570, 6.2
183872, 5.4
184152, 8.4
184173, 5.4
186673, 14.3
186932, 5.4
187436, 4.6
187532, 5.6
187588, 27.4
188004, 17.5
188043, 7.2
188165, 37.7
188225, 32.7
188619, 40.2
189093, 45.2
189113, 5.7
190181, 4.8
192535, 4.7
193932, 5.5
194052, 4.7
194075, 5.7
194181, 6.7
194343, 5.1
194622, 4.9
194717, 5.0
195736, 5.4
196167, 7.4
196324, 8.8
196511, 6.7
196538, 6.5
196776, 7.1
196989, 6.1
197142, 5.4
198065, 6.8
198414, 6.7
198448, 17.0
198840, 21.2
199344, 7.3
199543, 4.5
200050, 8.5
200203, 6.0
200304, 6.5
200326, 6.7
200366, 5.1
201104, 9.6
201187, 11.5
201486, 5.3
201996, 10.8
202020, 9.3
203496, 9.5
203524, 10.7
205430, 8.2
205946, 5.6
206008, 10.1
206206, 9.6
206250, 5.8
206524, 9.0
207065, 4.6
207324, 4.8
207327, 4.7
207709, 6.3
207820, 4.7
207832, 5.1
208023, 6.7
208052, 10.8
208429, 6.2
208717, 5.5
210040, 7.6
210105, 4.6
210456, 5.6
210638, 9.8
210700, 5.3
210741, 15.8
210981, 5.5
211020, 16.3
211799, 8.8
212663, 5.5
214208, 6.6
214445, 12.2
214448, 12.4
214611, 10.1
214734, 11.3
214830, 7.6
215200, 7.8
215203, 11.2
215222, 7.3
215228, 8.2
215407, 17.1
215514, 13.1
215623, 14.8
215760, 11.7
215798, 13.2
215913, 10.7
216036, 7.0
216119, 4.5
216156, 13.3
216449, 11.9
216458, 20.5
216568, 12.0
216676, 7.3
216709, 10.6
216711, 9.3
217088, 12.5
217089, 12.5
217307, 10.1
217361, 7.8
217373, 5.2
217654, 9.7
217701, 13.3
217741, 15.4
217825, 8.9
217843, 14.9
217845, 12.1
217931, 8.0
217971, 5.4
217994, 4.7
218065, 18.7
218125, 6.6
218169, 15.4
218225, 12.0
218365, 28.9
218699, 9.0
218750, 9.0
218765, 16.7
219014, 16.8
219258, 5.1
219334, 6.1
219340, 5.3
219412, 8.2
219746, 20.3
219941, 10.6
220034, 5.7
220277, 9.3
220754, 14.8
220880, 8.2
220930, 8.6
220998, 21.9
221000, 21.9
221300, 5.2
221356, 10.9
221727, 9.2
221905, 5.0
221906, 9.6
221962, 5.0
221966, 12.7
222017, 7.0
222096, 4.8
222176, 5.1
222344, 7.8
222770, 5.2
222861, 6.8
222877, 9.8
222881, 9.8
222882, 9.8
222884, 9.8
222885, 9.8
222887, 9.8
222888, 9.8
222906, 9.8
222956, 11.5
223181, 8.6
223217, 6.3
223221, 6.9
223228, 5.2
223285, 7.1
223288, 9.3
223356, 5.3
223359, 6.0
223424, 7.2
223558, 13.1
223613, 10.2
223674, 13.7
223752, 12.5
223837, 8.3
223840, 15.0
223938, 13.5
224011, 4.7
224051, 14.1
224089, 5.3
224113, 14.9
224162, 7.5
224178, 14.0
224251, 11.3
224335, 7.3
224342, 19.9
224370, 9.3
224459, 13.9
224515, 6.6
224521, 9.8
224702, 13.4
224728, 9.1
224769, 6.0
224823, 14.1
224893, 14.6
224998, 12.3
225000, 7.1
225028, 6.8
225080, 6.2
225083, 14.5
225148, 11.9
225149, 5.6
225206, 10.2
225264, 12.6
225283, 17.7
225317, 14.8
225320, 10.7
225384, 13.6
225388, 6.4
225520, 5.9
225528, 11.3
225530, 18.3
225673, 14.7
225675, 10.2
225700, 7.9
225709, 5.9
225724, 14.5
225726, 9.1
225779, 16.4
225780, 8.1
225830, 14.2
225833, 8.3
225885, 4.6
225896, 19.5
225957, 10.9
226011, 14.8
226069, 13.4
226116, 17.0
226235, 10.6
226270, 25.3
226323, 16.9
226388, 15.4
226439, 13.5
226486, 13.3
226518, 5.0
226525, 17.0
226543, 5.7
226554, 11.6
226571, 11.3
226612, 13.4
226669, 5.7
226680, 14.6
226797, 8.4
226845, 18.3
226861, 5.7
226893, 11.5
226938, 9.5
226940, 7.2
227043, 8.9
227052, 11.4
227107, 12.3
227148, 6.2
227164, 5.7
227171, 19.1
227177, 10.2
227186, 6.1
227249, 4.6
227432, 4.8
227458, 22.0
227491, 13.8
227499, 9.4
227631, 13.4
227808, 4.8
227810, 12.7
227856, 7.7
227864, 14.0
227872, 5.9
228040, 9.3
228114, 5.7
228154, 4.9
228195, 13.8
228224, 16.3
228268, 16.4
228293, 5.0
228318, 15.0
228463, 16.0
228625, 8.1
228633, 15.0
228678, 13.0
228684, 12.1
228799, 6.1
228804, 6.4
228809, 11.3
228818, 6.0
228903, 9.6
228904, 5.5
229132, 5.0
229149, 22.9
229640, 20.7
229643, 5.0
229730, 11.4
229777, 5.5
229941, 6.4
229991, 16.5
230045, 8.9
230166, 7.7
230176, 5.0
230200, 5.2
230209, 6.8
230233, 7.4
230261, 7.4
230327, 9.2
230396, 16.1
230427, 8.0
230573, 20.3
230640, 5.4
230665, 8.0
230699, 4.6
230738, 9.7
230801, 19.9
230826, 13.4
230856, 6.8
231148, 10.0
231204, 6.7
231223, 17.8
231224, 18.8
231240, 8.5
231297, 13.2
231564, 9.4
231692, 7.2
231701, 13.9
231770, 5.1
231802, 14.6
231980, 12.2
232133, 6.8
232187, 17.0
232236, 4.8
232253, 13.2
232328, 11.3
232469, 11.5
232525, 19.7
232535, 5.7
232644, 17.9
233012, 12.7
233096, 16.6
233109, 15.7
233158, 15.7
233528, 17.8
233775, 11.7
233975, 6.5
234035, 8.5
234274, 5.7
234296, 12.9
234298, 12.9
234460, 5.1
234573, 19.2
234584, 5.5
234799, 6.1
234989, 4.6
235220, 6.1
235247, 18.0
235292, 6.0
235714, 4.9
235909, 19.9
235933, 21.3
236041, 6.6
236304, 5.9
236769, 5.4
236830, 16.6
236885, 7.9
236913, 8.8
236914, 8.8
237055, 6.8
237094, 14.5
237105, 5.5
237106, 6.4
237124, 23.5
237142, 9.6
237349, 7.2
237537, 7.3
237603, 16.3
237648, 17.5
237710, 6.0
237806, 6.9
237940, 8.3
238043, 8.3
238542, 24.1
238554, 8.3
238596, 5.5
238836, 5.5
238866, 14.6
238887, 6.3
238969, 14.4
238970, 7.6
239076, 15.8
239203, 13.6
239298, 22.3
239319, 9.3
239414, 20.7
239512, 8.2
239677, 8.5
239734, 17.3
239821, 19.2
239827, 5.5
239856, 5.8
239881, 20.2
239979, 17.2
240098, 19.4
240172, 16.2
240196, 9.7
240241, 20.1
240325, 20.1
240332, 17.8
240406, 16.7
240439, 9.2
240489, 19.0
240556, 19.0
240586, 6.6
240624, 16.0
240637, 7.3
240674, 5.0
240707, 18.9
240783, 20.0
240835, 4.8
240864, 19.0
240955, 18.4
241045, 18.5
241159, 16.5
241223, 17.5
241302, 19.2
241368, 17.2
241402, 7.3
241453, 17.1
241471, 5.3
241488, 5.1
241540, 18.7
241594, 4.9
241627, 16.7
241688, 15.1
241747, 4.7
241756, 16.0
241827, 19.8
241904, 18.5
242023, 17.8
242026, 7.1
242062, 15.6
242145, 19.6
242215, 19.2
242263, 18.0
242352, 18.9
242385, 6.5
242445, 21.9
242451, 11.9
242545, 20.4
242616, 4.8
242626, 20.4
242797, 26.7
242828, 7.8
242906, 28.1
243021, 29.9
243086, 7.0
243151, 25.3
243219, 22.1
243257, 20.3
243320, 5.8
243355, 23.2
243470, 31.1
243594, 29.5
243663, 5.2
243737, 28.6
243825, 25.4
243826, 25.4
243923, 21.6
244055, 25.3
244219, 28.8
244799, 20.6
245024, 7.4
245172, 8.8
245410, 23.2
245553, 6.3
245968, 4.7
246314, 19.5
246510, 6.7
246889, 21.0
247174, 6.5
247423, 8.0
247482, 5.8
247486, 10.2
247487, 10.2
247564, 17.2
247571, 5.7
247882, 7.5
248264, 11.6
248377, 11.0
248410, 13.0
248486, 11.4
248679, 9.7
248712, 9.8
249250, 6.6
249371, 4.6
249560, 5.7
249574, 5.2
249748, 6.8
249813, 10.7
249831, 15.0
249953, 6.3
250117, 5.6
250134, 5.8
250229, 10.6
250407, 17.1
250411, 6.8
250699, 16.9
250725, 11.5
250835, 13.4
251063, 10.5
251064, 20.4
251238, 10.2
251352, 4.6
251405, 5.8
251433, 5.2
251621, 8.6
251790, 18.4
251893, 4.7
252067, 13.4
252692, 14.9
252942, 16.3
252964, 5.7
253049, 5.1
253184, 16.1
253201, 12.6
253417, 13.8
253558, 13.2
253808, 13.8
254008, 14.2
254016, 11.7
254019, 9.4
254210, 21.3
254262, 11.1
254381, 8.2
254436, 13.1
254502, 14.4
254761, 8.0
254799, 13.8
255246, 12.1
255521, 5.6
255973, 21.9
256237, 7.6
256248, 14.0
256527, 12.0
257184, 12.2
257455, 13.0
257750, 19.1
257994, 5.5
258025, 5.4
258076, 20.4
258152, 15.1
258165, 10.6
258415, 5.2
258486, 15.7
258789, 14.5
258798, 8.3
259165, 12.2
259463, 8.4
259498, 16.2
259602, 8.9
259639, 6.2
260452, 10.0
261059, 5.6
261538, 9.6
261893, 7.3
261898, 4.6
261940, 20.6
261961, 5.2
262175, 6.7
262270, 4.9
262921, 5.3
262970, 6.4
263013, 12.5
263270, 5.6
263280, 5.7
263907, 19.9
264185, 7.6
264217, 19.8
264258, 4.8
264294, 8.4
264350, 15.9
264356, 15.9
264524, 6.3
264811, 17.4
264975, 9.0
265650, 7.1
265755, 4.9
265778, 6.0
265938, 6.2
266016, 6.7
266073, 15.8
266609, 6.9
266685, 6.0
267071, 6.9
267246, 6.5
267299, 4.5
267444, 18.8
267499, 5.0
267511, 8.7
267514, 7.3
267560, 5.1
267564, 5.0
267636, 9.3
267643, 9.4
267693, 9.4
267841, 8.5
268398, 5.1
268450, 6.6
269208, 5.7
269724, 8.6
269796, 5.6
269833, 6.3
270236, 12.8
270525, 13.0
271066, 12.8
271084, 12.4
271178, 11.2
271227, 5.5
271458, 6.7
271459, 6.6
271547, 20.0
271680, 8.2
271750, 6.9
271858, 6.4
271948, 6.5
272003, 7.6
272082, 15.1
272117, 19.3
272477, 4.8
272552, 11.8
272601, 14.1
272630, 4.7
272639, 4.7
273063, 12.3
273500, 6.4
273506, 13.2
273513, 5.2
273647, 8.1
273660, 6.0
273918, 4.8
273999, 12.6
274070, 5.0
274089, 5.0
274202, 5.9
274298, 23.4
274462, 4.7
274607, 11.2
274610, 6.0
274641, 20.6
274679, 13.1
274943, 21.6
274992, 11.1
274995, 12.5
274997, 11.4
275082, 9.1
275094, 5.2
275227, 7.2
275258, 4.7
275274, 12.4
275501, 6.7
275502, 10.8
275503, 6.7
275543, 7.0
275567, 9.1
275574, 6.4
275948, 19.1
276030, 9.4
276175, 7.5
276182, 9.1
276191, 19.5
276253, 7.3
276382, 8.5
276462, 11.8
276558, 5.2
276697, 5.5
276718, 6.1
276749, 12.0
276757, 5.1
276924, 16.4
277093, 4.8
277176, 6.8
277234, 4.7
277410, 12.1
277428, 5.1
277432, 5.2
277536, 6.9
277595, 7.6
277619, 5.0
277628, 8.3
277652, 6.2
277803, 4.7
277858, 7.1
277975, 4.8
277990, 5.0
278032, 6.1
278078, 4.8
278093, 8.9
278178, 19.8
278201, 9.2
278208, 13.2
278229, 5.7
278237, 9.5
278238, 10.8
278240, 8.0
278252, 6.5
278277, 4.9
278324, 8.5
278439, 5.0
278456, 6.6
278507, 4.7
278551, 4.5
278558, 6.2
278571, 4.6
278581, 6.8
278736, 6.2
278823, 5.6
278835, 8.5
278839, 8.2
278857, 16.5
278899, 4.7
278922, 6.4
279003, 5.3
279020, 5.4
279039, 4.6
279051, 14.3
279296, 14.1
279339, 9.2
279465, 9.2
279494, 6.5
279525, 10.2
279546, 5.3
279584, 6.7
279726, 21.7
279800, 18.9
279992, 12.5
280186, 7.2
280232, 6.7
280261, 4.9
280463, 6.2
280610, 10.4
280646, 18.6
280663, 5.5
280735, 8.3
280767, 4.8
280837, 6.0
280844, 7.3
280987, 5.3
281039, 8.4
281073, 4.6
281093, 16.7
281111, 6.3
281133, 5.7
281246, 5.8
281262, 6.1
281332, 5.0
281408, 6.1
281446, 4.6
281534, 9.7
281605, 15.1
281829, 6.5
281878, 12.6
281938, 11.6
281957, 21.8
281982, 6.3
281985, 6.0
282001, 5.5
282002, 7.3
282040, 5.3
282146, 6.2
282190, 4.9
282192, 5.7
282203, 4.9
282244, 16.7
282259, 5.3
282330, 4.8
282387, 10.8
282434, 5.4
282495, 7.0
282511, 10.6
282521, 12.6
282544, 4.9
282853, 7.2
283250, 5.1
283547, 6.7
283668, 7.3
283709, 16.0
283729, 7.3
283831, 4.8
283832, 4.8
283833, 4.8
283929, 8.5
283930, 8.5
283934, 22.4
283974, 4.8
283986, 9.9
284012, 4.8
284051, 4.7
284073, 4.8
284077, 5.0
284128, 11.1
284161, 7.1
284336, 5.3
284360, 5.5
284414, 10.2
284416, 5.5
284469, 7.8
284569, 7.5
284576, 5.5
284601, 12.3
284632, 5.0
284762, 16.4
284768, 5.1
284837, 9.2
284907, 11.7
284944, 10.1
284954, 8.1
285080, 5.0
285097, 8.2
285114, 5.4
285172, 21.1
285174, 6.2
285185, 4.8
285219, 5.2
285261, 5.6
285355, 14.9
285427, 5.3
285435, 13.0
285438, 15.9
285457, 7.0
285515, 6.2
285518, 6.1
285550, 20.5
285571, 10.3
285581, 23.1
285594, 5.4
285610, 7.6
285636, 6.1
285687, 4.9
285700, 6.1
285705, 6.8
285707, 12.7
285850, 4.7
285852, 4.7
285990, 14.8
286029, 4.6
286169, 6.0
286183, 7.2
286203, 8.7
286204, 8.4
286218, 6.7
286281, 8.5
286282, 8.2
286335, 7.2
286365, 8.5
286441, 4.5
286495, 7.6
286526, 22.1
286545, 6.3
286593, 6.7
286645, 8.2
286649, 4.5
286652, 7.4
286656, 9.8
286664, 12.9
286680, 13.5
286685, 5.2
286705, 10.1
286764, 9.3
286777, 7.1
286782, 24.0
286787, 6.1
286827, 11.4
286877, 8.9
286898, 6.8
286900, 4.8
286934, 5.9
286962, 10.9
286986, 11.4
287149, 8.1
287194, 6.0
287215, 8.2
287276, 9.7
287431, 10.1
287519, 6.4
287543, 6.2
287558, 5.8
287654, 8.3
287723, 6.0
287741, 5.3
287819, 5.4
287867, 19.6
287889, 4.6
287902, 5.9
288076, 6.0
288084, 17.7
288101, 7.0
288138, 5.5
288175, 19.0
288198, 6.8
288221, 5.2
288324, 4.8
288449, 24.2
288481, 15.2
288630, 8.1
288711, 6.1
288723, 12.6
289051, 6.6
289104, 23.6
289142, 5.4
289392, 5.0
289463, 5.6
289528, 7.5
289566, 15.9
289573, 12.6
289609, 6.1
289761, 7.6
289770, 7.3
289772, 7.7
290041, 11.9
290183, 18.8
290254, 15.3
290267, 5.2
290278, 5.4
290876, 5.2
290894, 11.4
290943, 15.3
290978, 11.0
291237, 5.3
291464, 12.4
291507, 4.6
291552, 5.9
291607, 18.1
291720, 10.5
291758, 21.2
291795, 8.4
291858, 22.6
291878, 8.2
291946, 11.4
292092, 10.9
292112, 13.7
292274, 6.5
292343, 10.5
292354, 11.2
292481, 5.0
292539, 9.4
292634, 7.2
292747, 4.8
292772, 4.6
292774, 4.7
292804, 14.5
292805, 14.4
292833, 4.8
292867, 4.9
292977, 10.7
293017, 6.4
293032, 23.0
293033, 22.5
293047, 5.5
293072, 4.5
293086, 5.7
293091, 9.3
293101, 6.4
293333, 12.1
293394, 6.2
293542, 8.0
293577, 5.5
293699, 18.6
293718, 7.9
293758, 9.7
293905, 7.4
293941, 9.2
294125, 6.8
294161, 5.1
294200, 5.9
294205, 5.3
294210, 6.2
294211, 9.8
294260, 5.0
294281, 14.1
294293, 9.4
294455, 9.0
294513, 4.7
294523, 7.1
294585, 7.6
294758, 7.7
294827, 5.8
294847, 19.7
294970, 10.6
295011, 10.4
295153, 14.6
295205, 4.8
295224, 9.3
295490, 13.6
295495, 6.5
295570, 6.7
295707, 7.4
295761, 5.3
295785, 8.4
295881, 15.1
296090, 5.2
296104, 13.1
296176, 6.9
296228, 7.2
296392, 5.8
296423, 5.2
296463, 8.7
296493, 11.8
296567, 4.5
296629, 7.7
296946, 15.4
296949, 14.0
296972, 8.8
297008, 6.7
297039, 17.6
297156, 6.3
297172, 4.7
297439, 8.2
297474, 5.1
297629, 4.8
297672, 7.5
297682, 7.3
297715, 5.6
297732, 6.7
297756, 5.7
297774, 10.5
297803, 18.0
297904, 7.5
297931, 10.3
297960, 6.2
297965, 5.1
297979, 4.6
297993, 7.3
298087, 9.0
298295, 4.6
298372, 6.7
298379, 8.8
298490, 10.8
298529, 6.4
298564, 6.1
298677, 10.8
298679, 10.2
298705, 6.4
298745, 11.1
298883, 4.6
298885, 4.6
299042, 18.0
299201, 6.7
299495, 14.8
299611, 9.7
299981, 21.4
300009, 6.8
300054, 7.5
300140, 13.3
300161, 17.3
300162, 13.2
300192, 8.3
300205, 5.8
300285, 6.3
300364, 4.6
300621, 4.6
300666, 5.1
300712, 7.0
300742, 7.2
300759, 11.6
300794, 8.8
300835, 8.8
301037, 8.2
301069, 7.3
301354, 4.9
301430, 5.1
301470, 4.9
301539, 12.1
301565, 11.4
301744, 5.9
301889, 7.1
301905, 6.3
301957, 6.7
302013, 5.2
302557, 6.9
302692, 5.1
302724, 5.8
302727, 5.8
303028, 5.8
303031, 11.2
303051, 16.8
303090, 5.0
303105, 5.0
303124, 11.5
303332, 8.4
303439, 8.5
303501, 4.9
305376, 10.3
310218, 5.7
310381, 7.5
310751, 6.1
311558, 6.4
311632, 4.9
312191, 4.7
312230, 7.5
312760, 4.9
313107, 5.5
313600, 4.7
314092, 5.1
314879, 4.6
314942, 4.8
315012, 4.9
315019, 8.0
315105, 5.0
315165, 5.5
315225, 5.5
315277, 5.5
315315, 5.5
315384, 5.5
315435, 5.6
315527, 5.6
315612, 5.7
315705, 5.9
315794, 6.0
315866, 6.0
315926, 6.5
315995, 6.6
316063, 6.6
316129, 6.6
316135, 5.3
316212, 6.8
316282, 6.8
316349, 6.8
316406, 5.2
316421, 7.0
316497, 4.8
317405, 11.7
317923, 4.7
318551, 4.7
319215, 7.9
319275, 5.6
319328, 6.9
319401, 6.8
319778, 6.4
319806, 4.8
319881, 5.4
320042, 5.6
320171, 5.6
320595, 5.5
320649, 4.7
320712, 4.9
321276, 6.2
321364, 6.2
321384, 6.6
321428, 6.9
321676, 6.8
321764, 5.6
321940, 7.3
322034, 6.4
322051, 5.1
322234, 5.6
322314, 7.8
322388, 6.4
322463, 4.7
322598, 4.8
322744, 5.7
322827, 6.2
322829, 5.3
322914, 5.7
322920, 5.6
323002, 6.6
323098, 13.1
323220, 13.5
323256, 6.4
323332, 6.7
323437, 6.2
323543, 5.5
323604, 16.0
323720, 5.2
323799, 4.9
323853, 7.5
323854, 6.6
323919, 5.4
324010, 6.0
324070, 9.3
324221, 6.4
324273, 5.6
324330, 6.5
324336, 8.7
324402, 6.0
324565, 6.7
324620, 5.9
324678, 5.6
324740, 5.9
324875, 5.9
324918, 5.6
324934, 6.8
325000, 6.6
325011, 12.6
325044, 6.6
325094, 6.6
325109, 4.9
325210, 6.5
325323, 7.2
325350, 4.6
325384, 6.8
325390, 6.5
325467, 7.0
325649, 6.8
325672, 6.7
325719, 9.3
325753, 7.0
325802, 8.8
325829, 6.1
325870, 7.5
325880, 6.0
325888, 5.7
326044, 8.9
326094, 6.1
326141, 6.3
326155, 6.1
326210, 6.2
326216, 6.5
326289, 11.3
326303, 6.0
326368, 5.0
326422, 6.1
326444, 8.4
326449, 6.4
326493, 9.0
326498, 6.7
326542, 8.1
326555, 5.8
326583, 7.2
326591, 6.3
326628, 4.6
326643, 8.1
326729, 5.3
326801, 7.8
326851, 6.3
326854, 8.1
326906, 5.0
327143, 6.8
327216, 5.7
327524, 8.8
327536, 6.9
327853, 7.5
327907, 9.0
328015, 4.5
328218, 5.8
328226, 5.2
328305, 5.4
328351, 5.1
328479, 4.9
328515, 4.8
328527, 5.8
328538, 4.6
328585, 8.8
328591, 8.8
328628, 5.0
328693, 6.1
328799, 6.1
328813, 6.8
328888, 5.0
328933, 5.1
328950, 8.8
328987, 5.6
329042, 5.0
329181, 6.6
329316, 16.3
329318, 13.5
329331, 10.1
329413, 4.6
329454, 8.4
329490, 11.9
329502, 7.1
329544, 6.1
329700, 11.7
329727, 5.7
329758, 11.1
329768, 11.9
329858, 9.0
329905, 6.7
330059, 25.8
330204, 5.3
330247, 6.3
330317, 6.7
330341, 5.7
330416, 12.5
330513, 6.6
330539, 9.0
330557, 6.5
330635, 9.2
330650, 5.7
330685, 20.8
330804, 8.8
330986, 6.7
331057, 14.1
331060, 5.0
331123, 17.0
331153, 7.9
331185, 10.7
331280, 5.5
331390, 6.0
331531, 8.4
331582, 5.5
331817, 5.9
332011, 9.7
332025, 5.2
332100, 6.7
332492, 5.6
332611, 5.6
332648, 12.1
332678, 4.7
332717, 5.5
332731, 5.1
332761, 17.0
332787, 7.7
332822, 12.6
332862, 6.4
332868, 4.9
332869, 5.6
332903, 8.0
332907, 6.4
332969, 5.6
333124, 6.7
333406, 7.9
333510, 4.6
333552, 4.7
333562, 7.8
333650, 5.2
333720, 4.8
333774, 7.5
333795, 8.3
333803, 7.6
333853, 5.4
333866, 5.9
333937, 15.7
333981, 12.3
334007, 8.0
334033, 10.2
334108, 6.9
334160, 12.7
334182, 5.9
334198, 6.4
334317, 4.9
334360, 5.7
334393, 11.9
334404, 12.1
334426, 7.4
334449, 4.9
334519, 7.4
334551, 11.2
334578, 6.6
334610, 25.5
334628, 20.0
334676, 5.3
334682, 12.6
334709, 17.7
334776, 4.6
334868, 5.2
334943, 9.2
334947, 25.4
334967, 9.0
334970, 4.9
335012, 7.6
335020, 9.3
335028, 7.0
335053, 33.6
335060, 8.0
335077, 14.9
335145, 10.6
335155, 15.8
335159, 7.3
335192, 7.2
335194, 29.9
335203, 10.0
335204, 7.3
335225, 13.4
335276, 5.5
335293, 4.6
335303, 7.1
335334, 7.6
335335, 15.9
335337, 10.8
335340, 12.5
